import io
import pandas as pd

csv_data = """So_phong,Dien_tich_m2,Khoang_cach_km,Gia_nha_trieu_VND
2,65,4.5,3900
3,110,8.2,6200
4,215,2.5,12800
1,52,15.0,2300
3,145,5.8,8100
5,310,18.2,14500
2,80,1.8,5400
4,180,9.4,9800
3,125,11.2,6900
2,75,3.2,4800
6,275,4.1,16200
3,150,14.5,7800
4,200,6.3,11200
1,45,8.0,2700
5,260,12.0,13100
3,105,2.1,6800
2,88,13.8,4600
4,220,17.5,10900
5,290,3.0,17500
3,135,7.6,7400
2,95,10.4,5100
4,170,1.5,10500
6,320,8.8,18200
3,115,16.0,5900
5,240,5.2,13800"""

df = pd.read_csv(io.StringIO(csv_data))

print(df)
